0 0.69384765625 0.6654465592972182 0.0244140625 0.10395314787701318
0 0.7177734375 0.6493411420204979 0.021484375 0.0746705710102489
0 0.541015625 0.7042459736456809 0.05078125 0.09663250366032211
0 0.63134765625 0.6471449487554906 0.0146484375 0.05856515373352855
0 0.5908203125 0.6500732064421669 0.017578125 0.0527086383601757
0 0.103515625 0.6661786237188873 0.01953125 0.03806734992679356
0 0.72216796875 0.3469985358711567 0.0205078125 0.0849194729136164
0 0.65234375 0.6632503660322109 0.01953125 0.07613469985358712
0 0.66796875 0.664714494875549 0.017578125 0.08199121522693997
0 0.68359375 0.671303074670571 0.025390625 0.10688140556368961
0 0.4111328125 0.7774524158125915 0.041015625 0.15519765739385066
0 0.15771484375 0.7474377745241582 0.0732421875 0.1478770131771596
0 0.02099609375 0.7503660322108345 0.0419921875 0.13030746705710103
0 0.3349609375 0.7481698389458272 0.04296875 0.13177159590043924
0 0.76416015625 0.6969253294289898 0.0537109375 0.16398243045387995
0 0.97119140625 0.43191800878477304 0.0537109375 0.21669106881405564
0 0.11572265625 0.7474377745241582 0.0654296875 0.1595900439238653
0 0.22265625 0.746705710102489 0.05859375 0.14641288433382138
0 0.4462890625 0.7415812591508053 0.056640625 0.26207906295754024
