0 0.36088295687885014 0.6896551724137931 0.056468172484599594 0.37322515212981744
0 0.9060574948665298 0.5628803245436106 0.060574948665297744 0.2657200811359026
0 0.3239219712525667 0.6480730223123732 0.1242299794661191 0.4645030425963489
0 0.8531827515400411 0.5324543610547667 0.039014373716632446 0.20486815415821502
0 0.7176591375770021 0.7606490872210954 0.06365503080082136 0.17849898580121704
0 0.9373716632443532 0.7403651115618661 0.0944558521560575 0.2150101419878296
0 0.2874743326488706 0.6328600405679513 0.06981519507186859 0.5192697768762677
0 0.12320328542094457 0.7332657200811359 0.053388090349075976 0.29006085192697767
0 0.18993839835728954 0.7129817444219066 0.049281314168377825 0.359026369168357
0 0.9070841889117044 0.4908722109533469 0.058521560574948665 0.12981744421906694
0 0.15811088295687886 0.7150101419878296 0.04106776180698152 0.33468559837728196
0 0.22741273100616016 0.7109533468559838 0.050308008213552365 0.33468559837728196
0 0.6232032854209446 0.5436105476673427 0.13552361396303902 0.9046653144016227
0 0.8773100616016427 0.7707910750507099 0.052361396303901436 0.15415821501014199
0 0.023100616016427107 0.6764705882352942 0.046201232032854214 0.4482758620689655
0 0.07032854209445585 0.6663286004056795 0.06262833675564682 0.4726166328600406
0 0.9594455852156057 0.5801217038539553 0.07084188911704313 0.24746450304259635
0 0.46149897330595485 0.565922920892495 0.14271047227926079 0.8640973630831643
0 0.7505133470225873 0.524340770791075 0.19096509240246407 0.9513184584178499
