0 0.9125000000000001 0.7625 0.109375 0.2
0 0.9359375000000001 0.525 0.040625 0.12916666666666665
0 0.9500000000000001 0.64375 0.08750000000000001 0.1625
0 0.81640625 0.5208333333333334 0.0390625 0.15416666666666667
0 0.9656250000000001 0.8166666666666667 0.06875 0.36666666666666664
0 0.76171875 0.8041666666666667 0.15781250000000002 0.2833333333333333
0 0.8484375000000001 0.6020833333333333 0.07187500000000001 0.13333333333333333
0 0.72421875 0.6958333333333333 0.08281250000000001 0.20416666666666666
0 0.16015625 0.64375 0.0390625 0.25416666666666665
0 0.26015625000000003 0.6125 0.0484375 0.22916666666666666
0 0.20468750000000002 0.6395833333333333 0.07500000000000001 0.20833333333333334
0 0.08125 0.7364583333333333 0.15937500000000002 0.51875
0 0.36250000000000004 0.6875 0.13125 0.5333333333333333
0 0.5546875 0.7125 0.278125 0.575
