0 0.7188461538461538 0.1365062761506276 0.045384615384615384 0.19769874476987445
0 0.305 0.3153765690376569 0.04384615384615385 0.15794979079497906
0 0.7988461538461539 0.15324267782426776 0.057692307692307696 0.16631799163179914
0 0.5746153846153846 0.1061715481171548 0.038461538461538464 0.12447698744769874
0 0.20384615384615384 0.29445606694560666 0.05846153846153846 0.2730125523012552
0 0.8388461538461538 0.09361924686192467 0.036153846153846154 0.0805439330543933
0 0.4523076923076923 0.23326359832635982 0.06615384615384616 0.2615062761506276
0 0.022692307692307692 0.31746861924686187 0.045384615384615384 0.3253138075313807
0 0.6057692307692307 0.24999999999999997 0.07923076923076923 0.3619246861924686
0 0.7534615384615385 0.25052301255230125 0.06230769230769231 0.2855648535564853
0 0.2403846153846154 0.2902719665271966 0.05307692307692308 0.26673640167364016
0 0.2630769230769231 0.2845188284518828 0.047692307692307694 0.2635983263598326
0 0.11346153846153846 0.3195606694560669 0.07 0.2751046025104602
0 0.055384615384615386 0.30962343096234307 0.07076923076923076 0.3305439330543933
0 0.5557692307692308 0.2939330543933054 0.09923076923076923 0.3849372384937238
0 0.38653846153846155 0.24686192468619245 0.06692307692307692 0.25941422594142255
0 0.4938461538461538 0.6114016736401673 0.2815384615384615 0.39644351464435146
0 0.16153846153846155 0.30700836820083677 0.08307692307692308 0.3211297071129707
0 0.6834615384615385 0.20554393305439328 0.08692307692307692 0.34832635983263593
0 0.9492307692307692 0.303347280334728 0.1 0.606694560669456
0 0.24115384615384616 0.5538702928870293 0.2423076923076923 0.3713389121338912
0 0.7657692307692308 0.5104602510460251 0.39153846153846156 0.7887029288702928
