0 0.6089696071163825 0.7028199566160521 0.07042253521126761 0.18004338394793926
0 0.5363232023721275 0.6513015184381779 0.05114899925871015 0.0683297180043384
0 0.8884358784284655 0.7174620390455532 0.04966641957005189 0.1052060737527115
0 0.9688658265381764 0.6540130151843818 0.026686434395848776 0.07158351409978309
0 0.5541141586360266 0.631236442516269 0.02001482579688658 0.04338394793926247
0 0.9091919940696812 0.678416485900217 0.04521868050407709 0.10086767895878525
0 0.2309117865085248 0.6160520607375272 0.0363232023721275 0.06290672451193059
0 0.810229799851742 0.6767895878524945 0.05485544848035582 0.1279826464208243
0 0.3906597479614529 0.5813449023861171 0.032616753150481834 0.060737527114967466
0 0.49036323202372123 0.6578091106290672 0.04373610081541883 0.10086767895878525
0 0.6100815418828762 0.6556399132321041 0.06375092661230541 0.08351409978308026
0 0.41363973313565605 0.7478308026030369 0.072646404744255 0.2418655097613883
0 0.293180133432172 0.6355748373101953 0.04966641957005189 0.08676789587852494
0 0.9421793921423276 0.6789587852494577 0.03558191252779837 0.09544468546637744
0 0.3346923647146034 0.5797180043383948 0.04225352112676056 0.07917570498915402
0 0.18050407709414382 0.6523861171366595 0.07042253521126761 0.12906724511930587
0 0.2453669384729429 0.6437093275488069 0.051890289103039285 0.10086767895878525
0 0.37175685693106003 0.6572668112798264 0.048183839881393624 0.1193058568329718
0 0.7016308376575241 0.6344902386117137 0.03039288361749444 0.06724511930585683
0 0.3361749444032617 0.6377440347071583 0.03780578206078577 0.07809110629067245
0 0.04595997034840622 0.5629067245119306 0.031134173461823574 0.11062906724511931
0 0.7357301704966641 0.6426247288503254 0.040770941438102296 0.09869848156182214
0 0.4570051890289103 0.7960954446854664 0.08080059303187546 0.28199566160520606
