0 0.7607142857142858 0.7373660030627872 0.015306122448979593 0.12404287901990813
0 0.12448979591836735 0.7388973966309342 0.010204081632653062 0.03215926493108729
0 0.9734693877551022 0.7013782542113324 0.010204081632653062 0.033690658499234305
0 0.878061224489796 0.7036753445635529 0.01326530612244898 0.03828483920367535
0 0.5219387755102042 0.7212863705972435 0.01326530612244898 0.03981623277182236
0 0.20204081632653062 0.7350689127105666 0.010204081632653062 0.033690658499234305
0 0.6153061224489796 0.712863705972435 0.0163265306122449 0.0444104134762634
0 0.08724489795918368 0.7679938744257274 0.0336734693877551 0.0781010719754977
0 0.41734693877551027 0.7228177641653906 0.012244897959183675 0.0551301684532925
0 0.8964285714285715 0.6998468606431854 0.017346938775510204 0.045941807044410414
0 0.5051020408163266 0.7166921898928025 0.010204081632653062 0.05206738131699847
0 0.7862244897959184 0.723583460949464 0.02959183673469388 0.13935681470137826
0 0.31428571428571433 0.7442572741194488 0.0326530612244898 0.0765696784073507
0 0.703061224489796 0.7304747320061256 0.028571428571428574 0.1225114854517611
0 0.36683673469387756 0.72052067381317 0.02755102040816327 0.10566615620214395
