0 0.2815625 0.5493885230479775 0.035625000000000004 0.060206961429915336
0 0.006875 0.49106302916274697 0.0125 0.08842897460018814
0 0.758125 0.5531514581373471 0.04125 0.12041392285983067
0 0.040625 0.5526810912511759 0.03375 0.10253998118532455
0 0.72 0.5517403574788335 0.03125 0.0799623706491063
0 0.385 0.5188146754468486 0.03 0.1006585136406397
0 0.41625 0.5258701787394168 0.03625 0.11853245531514582
0 0.943125 0.5348071495766699 0.03875 0.07055503292568203
0 0.333125 0.5583254938852305 0.0775 0.12323612417685795
0 0.6103125 0.5752587017873941 0.061875 0.11194731890874883
0 0.875 0.6081843838193791 0.24375 0.4261523988711195
0 0.1596875 0.6411100658513641 0.316875 0.4336782690498589
0 0.2325 0.7554092191909689 0.435 0.37253057384760113
0 0.7909375000000001 0.7206020696142992 0.345625 0.48730009407337727
0 0.49625 0.5663217309501412 0.295 0.605832549388523
