0 0.614521841794569 0.39444444444444443 0.050767414403778036 0.11333333333333333
0 0.69185360094451 0.39444444444444443 0.0448642266824085 0.14
0 0.128099173553719 0.4777777777777778 0.0602125147579693 0.3422222222222222
0 0.8240850059031877 0.40555555555555556 0.05903187721369539 0.09555555555555556
0 0.45631641086186536 0.49333333333333335 0.04368358913813459 0.29333333333333333
0 0.9781582054309327 0.58 0.04368358913813459 0.43555555555555553
0 0.024793388429752063 0.6566666666666666 0.04958677685950413 0.11333333333333333
0 0.7514757969303424 0.41888888888888887 0.0602125147579693 0.10444444444444445
0 0.18890200708382526 0.5533333333333333 0.1652892561983471 0.4488888888888889
0 0.05962219598583235 0.8511111111111112 0.1192443919716647 0.28444444444444444
0 0.23789846517119242 0.8655555555555555 0.23258559622195984 0.26
0 0.5118063754427391 0.6122222222222222 0.16174734356552536 0.5088888888888888
0 0.3394332939787485 0.5766666666666667 0.12396694214876032 0.45111111111111113
0 0.07319952774498228 0.5177777777777778 0.07083825265643447 0.4088888888888889
0 0.9380165289256198 0.6622222222222223 0.11452184179456906 0.6266666666666667
