0 0.6125 0.5065666041275797 0.04 0.1425891181988743
0 0.57625 0.5225140712945591 0.0425 0.17823639774859287
0 0.52875 0.5619136960600375 0.035 0.15196998123827393
0 0.8925000000000001 0.5562851782363978 0.07 0.20075046904315197
0 0.356875 0.4831144465290807 0.043750000000000004 0.14821763602251406
0 0.04625 0.45121951219512196 0.05 0.10694183864915573
0 0.313125 0.48592870544090055 0.04875 0.1350844277673546
0 0.466875 0.47842401500938087 0.05375 0.13883677298311445
0 0.581875 0.7476547842401501 0.10375000000000001 0.30956848030018763
0 0.48562500000000003 0.7504690431519699 0.13125 0.3527204502814259
0 0.65125 0.7429643527204502 0.0975 0.33771106941838647
0 0.099375 0.7298311444652908 0.07875 0.21388367729831145
0 0.1125 0.44840525328330205 0.0625 0.1125703564727955
0 0.73375 0.7542213883677298 0.145 0.3452157598499062
0 0.03375 0.7166979362101313 0.0675 0.23639774859287055
0 0.403125 0.7504690431519699 0.18375 0.3789868667917448
0 0.283125 0.7439024390243902 0.20125 0.41088180112570355
0 0.86375 0.7673545966228893 0.19 0.39399624765478425
0 0.18875 0.7335834896810507 0.135 0.3902439024390244
